MEMORY
  total            13.3 MB
  struct          159.1 KB
  buffer          112.3 KB
  arena            13.0 MB, used 0.2%

SIZES
  narena                13631488
  nbuffer               114992
  nplugin               0
  maxuse_stack          1368
  maxuse_arena          28968
  maxuse_con            1
  maxuse_efc            6
  ncon                  0
  ne                    0
  nf                    2
  nl                    0
  nefc                  2
  nJ                    14
  nA                    0
  nisland               1
  nidof                 7
  threadpool            0

SOLVER STAT
  solver_fwdinv =   0         0       
  ISLAND 0
    solver_niter = 1
    solver_nnz = 49
      0:  improvement =  0.00053     gradient =  8.7e-17     lineslope =  0       
          nactive = 2   nchange = 0   neval = 2   nupdate = 0

ENERGY =   0         0       

TIME =  1.9     

QPOS
  -8.6e-06 
   0.16    
   2.7e-06 
   0.044   
   0.0022  
  -1.4e-06 
   1.6     

QVEL
  -0.1     
  -0.17    
  -0.0046  
  -0.055   
   0.00082 
  -1.9e-05 
   7.8     

QACC_WARMSTART
  -1.7     
   0.031   
  -0.0052  
   0.73    
   0.52    
   9.7e-05 
   27      

CTRL
   0.54    
  -22      
   0.023   
  -6.4     
  -0.33    
   0.00031 

QFRC_APPLIED
  -3e-05   
   2.7e-09 
  -0.00021 
   1.2e-08 
   2.3e-08 
   0       
  -0.00022 

XFRC_APPLIED
   0         0         0         0         0         0       
   0         0         0         0         0         0       
   0         0         0         0         0         0       
   0         0         0         0         0         0       
   0         0         0         0         0         0       
   0         0         0         0         0         0       
   0         0         0         0         0         0       
   0         0         0         0         0         0       
   0         0         0         0         0         0       

QACC
  -1.7     
   0.031   
  -0.0052  
   0.73    
   0.52    
   9.7e-05 
   27      

XPOS
   0         0         0       
   0         0         0       
  -0.06      0         0       
  -0.06      0         0.4     
  -0.06      0         0.4     
   0.48      5.1e-05   0.31    
   0.92      9.3e-05   0.22    
   1         0.0001    0.21    
   1.1       0.00011   0.18    

XQUAT
   1         0         0         0       
   1         0         0         0       
   1         0         0         4.7e-05 
   1        -3.7e-06   0.078     4.7e-05 
   1        -2.6e-08   0.078     4.7e-05 
   0.99     -1.1e-06   0.1       4.7e-05 
   0.99     -1.1e-06   0.1       4.7e-05 
   0.99     -1.8e-06   0.1       4.7e-05 
   0.7       0.71      0.071    -0.072   

XMAT
   1         0         0         0         1         0         0         0         1       
   1         0         0         0         1         0         0         0         1       
   1        -9.4e-05   0         9.4e-05   1         0         0         0         1       
   0.99     -9.4e-05   0.16      9.3e-05   1         1.5e-05  -0.16      0         0.99    
   0.99     -9.3e-05   0.16      9.3e-05   1         7.3e-06  -0.16      7.2e-06   0.99    
   0.98     -9.3e-05   0.2       9.3e-05   1         1.1e-05  -0.2       7.2e-06   0.98    
   0.98     -9.3e-05   0.2       9.3e-05   1         1.2e-05  -0.2       7.2e-06   0.98    
   0.98     -9.3e-05   0.2       9.3e-05   1         1.3e-05  -0.2       5.8e-06   0.98    
   0.98      0.2      -0.0014    9.3e-05  -0.0073   -1        -0.2       0.98     -0.0072  

XIPOS
   0         0         0       
   0         0         0       
  -0.06      0         0.2     
  -0.06      0         0.4     
   0.24      2.8e-05   0.35    
   0.73      7.4e-05   0.26    
   0.92      9.3e-05   0.22    
   1.1       0.00011   0.19    
   1.1      -0.3       0.18    

XIMAT
   1         0         0         0         1         0         0         0         1       
   1         0         0         0         1         0         0         0         1       
   1        -9.4e-05   0         9.4e-05   1         0         0         0         1       
   0.99     -9.4e-05   0.16      9.3e-05   1         1.5e-05  -0.16      0         0.99    
   0.99     -9.3e-05   0.16      9.3e-05   1         7.3e-06  -0.16      7.2e-06   0.99    
   0.98     -9.3e-05   0.2       9.3e-05   1         1.1e-05  -0.2       7.2e-06   0.98    
   0.98     -9.3e-05   0.2       9.3e-05   1         1.2e-05  -0.2       7.2e-06   0.98    
   0.98     -9.3e-05   0.2       9.3e-05   1         1.3e-05  -0.2       5.8e-06   0.98    
   0.98      0.2      -0.0014    9.3e-05  -0.0073   -1        -0.2       0.98     -0.0072  

XANCHOR
  -0.06      0         0       
  -0.06      0         0.4     
  -0.06      0         0.4     
   0.48      5.1e-05   0.31    
   0.92      9.3e-05   0.22    
   1         0.0001    0.21    
   1.1       0.00011   0.18    

XAXIS
   0         0         1       
  -9.4e-05   1         0       
   0.99      9.3e-05  -0.16    
  -9.3e-05   1         7.2e-06 
  -9.3e-05   1         7.2e-06 
   0.98      9.3e-05  -0.2     
   0.98      9.3e-05  -0.2     

GEOM_XPOS
   0         0         0       
  -0.0056   -0.0021    0.064   
  -0.061    -4.9e-05   0.23    
  -0.06      0.00044   0.4     
   0.18      4.7e-05   0.36    
   0.68     -0.001     0.27    
   0.92      9.3e-05   0.23    
   1         0.031     0.23    
   1.1      -0.15      0.18    
   1.1      -0.3       0.18    

GEOM_XMAT
   1         0         0         0         1         0         0         0         1       
  -0.0048   -0.0068    1        -0.0061   -1        -0.0069    1        -0.0062    0.0047  
   1         0.0018    0.0011   -0.0018    1        -0.0028   -0.0011    0.0028    1       
   0.98      0.17      0.00083   0.00067   0.001    -1        -0.17      0.98      0.00087 
   0.16      0.0061    0.99      0.039    -1         4.6e-05   0.99      0.038    -0.16    
   0.2       0.0047    0.98      0.00011  -1         0.0048    0.98     -0.00086  -0.2     
   0.98      0.2       9.3e-05   9.3e-05   9.2e-06  -1        -0.2       0.98     -9.6e-06 
   0.28      0.14      0.95      0.7      -0.71     -0.096     0.66      0.69     -0.29    
   0.98      0.2      -0.0014    9.3e-05  -0.0073   -1        -0.2       0.98     -0.0072  
   0.98      0.2      -0.0014    9.3e-05  -0.0073   -1        -0.2       0.98     -0.0072  

LIGHT_XPOS
   0         0         1.5     

LIGHT_XDIR
   0         0        -1       

SUBTREE_COM
   0.23     -0.0068    0.29    
   0.23     -0.0068    0.29    
   0.23     -0.0068    0.29    
   0.34     -0.0095    0.33    
   0.57     -0.015     0.29    
   0.84     -0.027     0.24    
   1        -0.067     0.21    
   1.1       0.00011   0.19    
   1.1      -0.3       0.18    

CDOF
   0         0         1         0.0068    0.29     -0       
  -9.4e-05   1         0        -0.11     -1e-05    -0.29    
   0.99      9.3e-05  -0.16     -0.0011    0.06     -0.0067  
  -9.3e-05   1         7.2e-06  -0.021    -3.8e-06   0.26    
  -9.3e-05   1         7.2e-06   0.069     1.4e-06   0.7     
   0.98      9.3e-05  -0.2      -0.0014    0.073    -0.0067  
   0.98      9.3e-05  -0.2      -0.0014    0.073    -0.0067  

CINERT
   0         0         0         0         0         0         0         0         0         0       
   0         0         0         0         0         0        -0         0        -0         0       
   0.024     0.23      0.21      0.0049   -0.067     0.0016   -0.72      0.017    -0.23      2.5     
   0.028     0.22      0.19      0.0045    0.07     -0.0017   -0.66      0.016     0.24      2.3     
   0.0082    0.0083    0.0007   -0.00012  -0.0013   -0.00073   0.018     0.012     0.11      1.8     
   0.0029    0.33      0.33     -0.0045    0.019     0.00026   0.65      0.0089   -0.038     1.3     
   0.0034    0.25      0.24     -0.0024    0.024     0.00024   0.35      0.0034   -0.035     0.5     
   0.0031    0.15      0.15     -0.0012    0.018     0.00014   0.17      0.0014   -0.02      0.2     
   0.021     0.17      0.19      0.054     0.021    -0.0068    0.18     -0.059    -0.023     0.2     

ACTUATOR_LENGTH
   9.4e-05 
   0.16    
   7.3e-06 
   0.044   
   0.0022  
  -1.4e-06 

actuator_moment
---------
 x       |
  x      |
   x     |
    x    |
     x   |
      x  |
---------

ACTUATOR_MOMENT
     0:  1       
     1:  1       
     2:  1       
     3:  1       
     4:  1       
     5:  1       

CRB
   0         0         0         0         0         0         0         0         0         0       
   0.09      1.4       1.3       0.055     0.083    -0.0069    2.2e-16   0        -8.3e-17   8.8     
   0.09      1.4       1.3       0.055     0.083    -0.0069    2.2e-16   0        -8.3e-17   8.8     
   0.066     1.1       1.1       0.05      0.15     -0.0085    0.72     -0.017     0.23      6.3     
   0.039     0.91      0.91      0.045     0.081    -0.0069    1.4      -0.033    -0.0089    4       
   0.03      0.9       0.91      0.045     0.082    -0.0061    1.4      -0.045    -0.12      2.2     
   0.027     0.57      0.58      0.05      0.063    -0.0064    0.7      -0.054    -0.078     0.9     
   0.0031    0.15      0.15     -0.0012    0.018     0.00014   0.17      0.0014   -0.02      0.2     
   0.021     0.17      0.19      0.054     0.021    -0.0068    0.18     -0.059    -0.023     0.2     

QM
   2       
  -0.013     2.1     
   0.031     0.073     0.03    
  -0.0082    0.8       0.04      0.36    
  -0.0028    0.097     0.013     0.055     0.026   
  -0.0002    3.4e-10   0.001     8.6e-20   8.6e-20   0.006   
  -0.0033    0.073     0.019     0.04      0.013               0.02    

M
     0:  2       
     0: -0.013      1:  2.1     
     0:  0.031      1:  0.073      2:  0.03    
     0: -0.0082     1:  0.8        2:  0.04       3:  0.36    
     0: -0.0028     1:  0.097      2:  0.013      3:  0.055      4:  0.026   
     0: -0.0002     1:  3.4e-10    2:  0.001      3:  8.6e-20    4:  8.6e-20    5:  0.006   
     0: -0.0033     1:  0.073      2:  0.019      3:  0.04       4:  0.013      6:  0.02    

QLD
     0:  1.9     
     0:  0.011      1:  0.27    
     0:  2.9        1: -0.031      2:  0.012   
     0: -0.0023     1:  2.5        2:  0.0039     3:  0.23    
     0: -0.035      1:  2.8        2:  0.037      3:  1.7        4:  0.017   
     0: -0.034      1:  5.7e-08    2:  0.17       3:  1.4e-17    4:  1.4e-17    5:  0.006   
     0: -0.16       1:  3.7        2:  0.95       3:  2          4:  0.66       6:  0.02    

QLDIAGINV
   0.52    
   3.7     
   83      
   4.3     
   57      
   1.7e+02 
   50      

M: inertia structure
---------
 x       |
 xx      |
 xxx     |
 xxxx    |
 xxxxx   |
 xxxxxx  |
 xxxxx x |
---------

iM: block-diagonal inertia (nnzs are island ids)
---------
 0       |
 00      |
 000     |
 0000    |
 00000   |
 000000  |
 00000 0 |
---------

QH
     0:  1.9     
     0:  0.011      1:  0.27    
     0:  2.9        1: -0.031      2:  0.012   
     0: -0.0023     1:  2.5        2:  0.0039     3:  0.23    
     0: -0.035      1:  2.8        2:  0.037      3:  1.7        4:  0.017   
     0: -0.034      1:  5.7e-08    2:  0.17       3:  1.4e-17    4:  1.4e-17    5:  0.006   
     0: -0.16       1:  3.7        2:  0.95       3:  2          4:  0.66       6:  0.02    

QHDIAGINV
   0.52    
   3.7     
   83      
   4.3     
   57      
   1.7e+02 
   50      

CONTACT
EFC_TYPE
  1
  1

EFC_ID
  0
  1

EFC_J
   1         0         0         0         0         0         0       
   0         1         0         0         0         0         0       

IEFC_J
   1         0         0         0         0         0         0       
   0         1         0         0         0         0         0       

EFC_POS
   0       
   0       

EFC_MARGIN
   0       
   0       

EFC_FRICTIONLOSS
   0.2     
   0.1     

EFC_DIAGAPPROX
   0.55    
   3.7     

EFC_KBIP
   0         1.1e+02   0.9       0       
   0         1.1e+02   0.9       0       

EFC_D
   16      
   2.4     

EFC_R
   0.062   
   0.41    

ACTUATOR_VELOCITY
  -0.1     
  -0.17    
  -0.0046  
  -0.056   
   0.0003  
  -2e-05   

CVEL
   0         0         0         0         0         0       
   0         0         0         0         0         0       
   0         0        -0.1      -0.00069  -0.029     0       
   1.6e-05  -0.17     -0.1       0.018    -0.029     0.049   
  -0.0045   -0.17     -0.1       0.018    -0.029     0.049   
  -0.0045   -0.23     -0.1       0.019    -0.029     0.035   
  -0.0045   -0.23     -0.1       0.019    -0.029     0.035   
  -0.0045   -0.23     -0.1       0.019    -0.029     0.035   
   7.7      -0.23     -1.7       0.008     0.54     -0.017   

CDOF_DOT
   0         0         0         0         0         0       
   0.1       9.5e-06   0        -1e-06     0.011    -0.00069 
   0.027    -0.1       0.17      0.012     0.052     0.028   
   0.1       9.4e-06  -0.0045   -0.094     0.0032    0.014   
   0.1       9.4e-06  -0.0045   -0.19     -0.0038    0.034   
   0.046    -0.099     0.22      0.015     0.038     0.028   
   0.046    -0.099     0.22      0.015     0.038     0.028   

QFRC_BIAS
   4.5     
  -25      
  -0.47    
  -7.8     
  -0.74    
  -2.3e-05 
  -0.58    

QFRC_SPRING
   0       
   0       
   0       
   0       
   0       
   0       
   0       

QFRC_DAMPER
   0.2     
   0.34    
   0       
   0       
   0       
   0       
   0       

QFRC_GRAVCOMP
   0       
   0       
   0       
   0       
   0       
   0       
   0       

QFRC_FLUID
   0       
   0       
   0       
   0       
   0       
   0       
   0       

QFRC_PASSIVE
   0.2     
   0.34    
   0       
   0       
   0       
   0       
   0       

EFC_VEL
  -0.1     
  -0.17    

EFC_AREF
   11      
   18      

SUBTREE_LINVEL
   0         0         0       
   0         0         0       
   0         0         0       
   0         0         0       
   0         0         0       
   0         0         0       
   0         0         0       
   0         0         0       
   0         0         0       

SUBTREE_ANGMOM
   0         0         0       
   0         0         0       
   0         0         0       
   0         0         0       
   0         0         0       
   0         0         0       
   0         0         0       
   0         0         0       
   0         0         0       

ACTUATOR_FORCE
   0.51    
  -23      
   0.023   
  -6.4     
  -0.32    
   0.00032 

QFRC_ACTUATOR
   0.51    
  -23      
   0.023   
  -6.4     
  -0.32    
   0.00032 
   0       

QFRC_SMOOTH
  -3.8     
   2.6     
   0.49    
   1.4     
   0.41    
   0.00034 
   0.58    

QACC_SMOOTH
  -1.8     
  -0.34    
   0.28    
   1.6     
   0.036   
  -0.051   
   26      

EFC_B
  -12      
  -18      

EFC_FORCE
   0.2     
   0.1     

EFC_STATE
  2
  2

QFRC_CONSTRAINT
   0.2     
   0.1     
   0       
   0       
   0       
   0       
   0       

QFRC_INVERSE
   0       
   0       
   0       
   0       
   0       
   0       
   0       

CACC
   0         0         0         0         0         0       
   0         0         0         0         0         0       
   0         0         0         0         0         0       
   0         0         0         0         0         0       
   0         0         0         0         0         0       
   0         0         0         0         0         0       
   0         0         0         0         0         0       
   0         0         0         0         0         0       
   0         0         0         0         0         0       

CFRC_INT
   0         0         0         0         0         0       
   0         0         0         0         0         0       
   0         0         0         0         0         0       
   0         0         0         0         0         0       
   0         0         0         0         0         0       
   0         0         0         0         0         0       
   0         0         0         0         0         0       
   0         0         0         0         0         0       
   0         0         0         0         0         0       

CFRC_EXT
   0         0         0         0         0         0       
   0         0         0         0         0         0       
   0         0         0         0         0         0       
   0         0         0         0         0         0       
   0         0         0         0         0         0       
   0         0         0         0         0         0       
   0         0         0         0         0         0       
   0         0         0         0         0         0       
   0         0         0         0         0         0       

DOF_ISLAND            0 0 0 0 0 0 0

ISLAND_NV             7

ISLAND_IDOFADR        0

MAP_IDOF2DOF          0 1 2 3 4 5 6

EFC_ISLAND            0 0

ISLAND_NEFC           2

ISLAND_IEFCADR        0

MAP_IEFC2EFC          0 1

